// ENOR
ENOR: [
  [62.000000, 12.219722],
  [61.566300, 12.565222],
  [61.366294, 12.865242],
  [61.199622, 12.781914],
  [61.049614, 12.681917],
  [60.623660, 12.503330],
  [60.466258, 12.631942],
  [60.399589, 12.615278],
  [60.282914, 12.531944],
  [60.149578, 12.548617],
  [59.982903, 12.398619],
  [59.893439, 12.173225],
  [59.904017, 11.973433],
  [59.841661, 11.849122],
  [59.745611, 11.978150],
  [59.685253, 11.945786],
  [59.630386, 11.676075],
  [59.227097, 11.843294],
  [58.946686, 11.730014],
  [58.866667, 11.533333],
  [58.900000, 11.433333],
  [59.022872, 11.384786],
  [59.083333, 11.333333],
  [59.023917, 11.153697],
  [58.983333, 11.116667],
  [58.892222, 10.638889],
  [58.761111, 10.592222],
  [58.500000, 10.500000],
  [57.000000, 7.500000],
  [57.000000, 6.000000],
  [57.000000, 5.000000],
  [57.333333, 4.499444],
  [57.624444, 4.052222],
  [58.277778, 3.013056],
  [58.390000, 2.828889],
  [58.528889, 2.599444],
  [59.085000, 1.655000],
  [60.000000, 0.000000],
  [63.250000, 0.000000],
  [63.054444, 4.053333],
  [64.000000, 5.014722],
  [64.513611, 5.566111],
  [65.133333, 6.266667],
  [65.618333, 6.840556],
  [65.750000, 7.000000],
  [66.211111, 7.707778],
  [67.250000, 9.422500],
  [70.000000, 15.000000],
  [70.365556, 17.254722],
  [70.475556, 17.988056],
  [70.666667, 19.506944],
  [71.333333, 25.000000],
  [71.333333, 26.350000],
  [71.333333, 28.000000],
  [71.166667, 29.000000],
  [71.000000, 30.000000],
  [70.366667, 31.716667],
  [69.794722, 30.817778],
  [69.683472, 30.932319],
  [69.583469, 30.932322],
  [69.550133, 30.848986],
  [69.533464, 30.515636],
  [69.666800, 30.148942],
  [69.650133, 30.098939],
  [69.633467, 30.148944],
  [69.550128, 30.198950],
  [69.483458, 30.132283],
  [69.416789, 29.982278],
  [69.416786, 29.848939],
  [69.316781, 29.532258],
  [69.333447, 29.498922],
  [69.300111, 29.282244],
  [69.233442, 29.332253],
  [69.066767, 29.198919],
  [69.016764, 29.048914],
  [69.051944, 28.929444],
  [69.216772, 28.982233],
  [69.695556, 29.133333],
  [69.693889, 25.952778],
  [69.016739, 25.565394],
  [68.833394, 25.132050],
  [68.650053, 24.915381],
  [68.766719, 24.298678],
  [68.816719, 24.215336],
  [68.866719, 23.731975],
  [68.766714, 23.631975],
  [68.700042, 23.281961],
  [68.783372, 22.498583],
  [69.022228, 22.094528],
  [68.765556, 21.379722],
  [69.060000, 20.548611],
  [69.045750, 20.060056],
  [68.954250, 20.241917],
  [68.926194, 20.306583],
  [68.802306, 20.335861],
  [68.665898, 20.202769],
  [68.591103, 20.052289],
  [68.557920, 19.937504],
  [68.530800, 20.025970],
  [68.490800, 20.226374],
  [68.442736, 20.108210],
  [68.390192, 19.981486],
  [68.356020, 19.921395],
  [68.514167, 19.000000],
  [68.506907, 18.621208],
  [68.533680, 18.549924],
  [68.557036, 18.483766],
  [68.581906, 18.405757],
  [68.536441, 18.125917],
  [68.406005, 18.101059],
  [68.198784, 18.151349],
  [67.969344, 17.899808],
  [68.037923, 17.666910],
  [68.075946, 17.490404],
  [66.153566, 15.035548],
  [66.132598, 14.516181],
  [66.041075, 14.545519],
  [66.011966, 14.554413],
  [65.958201, 14.573086],
  [65.901312, 14.584484],
  [65.811825, 14.625440],
  [65.750000, 14.578333],
  [65.700521, 14.541369],
  [65.515583, 14.498917],
  [65.309722, 14.506833],
  [65.247611, 14.378806],
  [65.118917, 14.325972],
  [64.951111, 14.093611],
  [64.842500, 13.956667],
  [64.709134, 13.791562],
  [64.639835, 13.705414],
  [64.580298, 13.654268],
  [64.555556, 13.734167],
  [64.079722, 13.376111],
  [64.095417, 13.211039],
  [64.057946, 12.926673],
  [63.974225, 12.683490],
  [63.892370, 12.577269],
  [63.807023, 12.463467],
  [63.714944, 12.330381],
  [63.672038, 12.299497],
  [63.631184, 12.227851],
  [63.593889, 12.150278],
  [63.478562, 12.212914],
  [63.440833, 12.172500],
  [63.269167, 11.974444],
  [63.185181, 12.050894],
  [63.141111, 12.090833],
  [63.000298, 12.218361],
  [62.902556, 12.074694],
  [62.747917, 12.136389],
  [62.651389, 12.079444],
  [62.611917, 12.056139],
  [62.266389, 12.298889],
  [62.000000, 12.219722]
],

// EPWW
EPWW: [
  [51.300000, 15.033333],
  [51.416667, 14.966667],
  [51.483333, 14.933333],
  [51.500000, 14.833333],
  [51.566667, 14.750000],
  [51.633333, 14.766667],
  [51.833333, 14.616667],
  [51.933333, 14.716667],
  [52.083333, 14.750000],
  [52.150000, 14.683333],
  [52.250000, 14.700000],
  [52.300000, 14.583333],
  [52.433333, 14.566667],
  [52.583333, 14.600000],
  [52.750000, 14.383333],
  [52.850000, 14.150000],
  [52.966667, 14.166667],
  [53.050000, 14.333333],
  [53.250000, 14.433333],
  [53.316667, 14.416667],
  [53.550000, 14.383333],
  [53.583333, 14.333333],
  [53.616667, 14.300000],
  [53.927778, 14.226111],
  [53.987778, 14.242222],
  [54.126111, 14.201389],
  [54.127222, 14.254722],
  [54.916667, 14.357500],
  [54.916867, 15.134594],
  [54.916667, 15.866667],
  [55.850000, 17.550000],
  [54.603333, 19.406667],
  [54.458333, 19.641667],
  [54.454867, 19.694767],
  [54.438958, 19.893906],
  [54.421644, 20.123567],
  [54.413222, 20.219928],
  [54.401525, 20.386953],
  [54.389358, 20.537111],
  [54.363622, 20.871961],
  [54.335197, 21.205347],
  [54.316667, 21.466667],
  [54.326472, 21.767183],
  [54.345744, 22.254653],
  [54.359411, 22.631319],
  [54.365253, 22.787792],
  [54.393714, 22.816625],
  [54.402378, 22.798136],
  [54.416667, 22.850000],
  [54.383333, 22.950000],
  [54.383333, 23.000000],
  [54.350000, 23.000000],
  [54.350000, 23.066667],
  [54.316667, 23.033333],
  [54.300000, 23.100000],
  [54.300000, 23.166667],
  [54.283333, 23.200000],
  [54.250000, 23.233333],
  [54.216667, 23.366667],
  [54.166667, 23.416667],
  [54.150000, 23.466667],
  [54.133333, 23.500000],
  [54.033333, 23.516667],
  [54.016667, 23.500000],
  [53.983333, 23.466667],
  [53.933333, 23.516667],
  [53.850000, 23.550000],
  [53.766667, 23.566667],
  [53.750000, 23.600000],
  [53.633333, 23.600000],
  [53.250000, 23.816667],
  [53.233333, 23.866667],
  [53.200000, 23.866667],
  [53.166667, 23.916667],
  [53.083333, 23.883333],
  [52.966667, 23.950000],
  [52.933333, 23.933333],
  [52.666667, 23.916667],
  [52.600000, 23.566667],
  [52.566667, 23.450000],
  [52.283333, 23.166667],
  [52.266667, 23.183333],
  [52.233333, 23.183333],
  [52.183333, 23.416667],
  [52.183333, 23.450000],
  [52.183333, 23.483333],
  [52.150000, 23.500000],
  [52.083333, 23.650000],
  [51.983333, 23.683333],
  [51.950000, 23.650000],
  [51.833333, 23.616667],
  [51.800000, 23.633333],
  [51.716667, 23.550000],
  [51.666667, 23.550000],
  [51.600000, 23.550000],
  [51.533333, 23.566667],
  [51.500000, 23.616667],
  [51.483333, 23.666667],
  [51.450000, 23.650000],
  [51.416667, 23.700000],
  [51.333333, 23.650000],
  [51.283333, 23.666667],
  [51.266667, 23.733333],
  [51.216667, 23.750000],
  [51.150000, 23.866667],
  [51.100000, 23.866667],
  [51.066667, 23.916667],
  [51.000000, 23.933333],
  [50.950000, 23.983333],
  [50.866667, 24.150000],
  [50.833333, 24.083333],
  [50.833333, 23.966667],
  [50.766667, 23.966667],
  [50.766667, 24.033333],
  [50.716667, 24.033333],
  [50.716667, 24.066667],
  [50.633333, 24.100000],
  [50.450000, 24.050000],
  [50.416667, 23.916667],
  [50.416667, 23.783333],
  [50.383333, 23.716667],
  [50.333333, 23.683333],
  [50.283333, 23.583333],
  [50.166667, 23.416667],
  [50.050000, 23.233333],
  [49.533333, 22.666667],
  [49.333333, 22.800000],
  [49.300000, 22.800000],
  [49.233333, 22.733333],
  [49.133333, 22.800000],
  [49.083333, 22.900000],
  [49.016667, 22.833333],
  [49.050000, 22.683333],
  [49.100000, 22.583333],
  [49.100000, 22.433333],
  [49.150000, 22.383333],
  [49.150000, 22.283333],
  [49.216667, 22.033333],
  [49.350000, 21.966667],
  [49.383333, 21.833333],
  [49.350000, 21.783333],
  [49.450000, 21.633333],
  [49.416667, 21.483333],
  [49.450000, 21.283333],
  [49.400000, 21.200000],
  [49.433333, 21.133333],
  [49.425278, 21.066944],
  [49.366667, 21.100000],
  [49.300000, 20.933333],
  [49.333333, 20.833333],
  [49.416667, 20.733333],
  [49.409167, 20.650000],
  [49.383333, 20.600000],
  [49.416667, 20.466667],
  [49.383333, 20.400000],
  [49.400000, 20.316667],
  [49.350000, 20.316667],
  [49.350000, 20.216667],
  [49.300000, 20.133333],
  [49.183333, 20.066667],
  [49.222222, 20.000000],
  [49.233333, 19.916667],
  [49.183333, 19.833333],
  [49.216111, 19.758611],
  [49.283333, 19.816667],
  [49.400000, 19.783333],
  [49.383333, 19.733333],
  [49.400000, 19.650000],
  [49.416667, 19.666667],
  [49.433333, 19.616667],
  [49.507778, 19.555556],
  [49.600000, 19.450000],
  [49.580556, 19.410833],
  [49.533333, 19.366667],
  [49.533333, 19.266667],
  [49.416667, 19.200000],
  [49.400000, 18.983333],
  [49.500000, 18.983333],
  [49.516667, 18.850000],
  [49.683333, 18.816667],
  [49.716667, 18.633333],
  [49.900000, 18.516667],
  [49.966667, 18.216667],
  [50.000000, 18.200000],
  [49.983333, 18.166667],
  [50.066667, 18.033333],
  [50.033333, 18.000000],
  [50.033333, 18.050000],
  [50.000000, 18.050000],
  [50.016667, 18.000000],
  [49.966667, 17.866667],
  [50.021389, 17.787500],
  [50.166667, 17.600000],
  [50.200000, 17.750000],
  [50.266667, 17.716667],
  [50.300000, 17.750000],
  [50.316667, 17.683333],
  [50.250000, 17.616667],
  [50.300000, 17.433333],
  [50.266667, 17.366667],
  [50.366667, 17.200000],
  [50.433333, 16.916667],
  [50.400000, 16.866667],
  [50.283333, 17.016667],
  [50.216667, 17.016667],
  [50.233333, 16.950000],
  [50.200000, 16.833333],
  [50.100000, 16.700000],
  [50.122222, 16.592500],
  [50.216667, 16.550000],
  [50.366667, 16.350000],
  [50.433333, 16.200000],
  [50.566667, 16.433333],
  [50.650000, 16.333333],
  [50.666667, 16.233333],
  [50.616667, 16.200000],
  [50.650000, 16.100000],
  [50.600000, 16.033333],
  [50.683333, 16.000000],
  [50.666667, 15.866667],
  [50.750000, 15.816667],
  [50.733333, 15.750000],
  [50.816667, 15.450000],
  [50.766667, 15.400000],
  [51.000000, 15.250000],
  [51.016667, 15.000000],
  [51.300000, 15.033333]
],

// ESMM
ESMM: [
  [59.630386, 11.676075],
  [59.685253, 11.945786],
  [59.745611, 11.978150],
  [59.841661, 11.849122],
  [59.904017, 11.973433],
  [59.893439, 12.173225],
  [59.463400, 13.253200],
  [59.304500, 13.101600],
  [59.175600, 13.412600],
  [58.541700, 14.371300],
  [58.471600, 14.202200],
  [58.380500, 14.160600],
  [58.273000, 14.111500],
  [58.143500, 14.095000],
  [58.020200, 13.580400],
  [57.321200, 13.362600],
  [57.305900, 13.420900],
  [57.255100, 14.061900],
  [57.133900, 14.374300],
  [57.071700, 14.320000],
  [56.515500, 14.525100],
  [56.412000, 15.065800],
  [56.374100, 15.070400],
  [56.210000, 15.073400],
  [56.201600, 15.375500],
  [56.284600, 16.002100],
  [56.361700, 16.201300],
  [56.520000, 16.461900],
  [57.070800, 17.471100],
  [57.195500, 18.333800],
  [57.204300, 18.364300],
  [57.267450, 19.989170],
  [57.000000, 19.833333],
  [56.345278, 18.506389],
  [56.095278, 18.018611],
  [55.850000, 17.550000],
  [54.916667, 15.866667],
  [54.916667, 15.135278],
  [54.916667, 14.357500],
  [54.916667, 12.850000],
  [55.336667, 12.640833],
  [55.419022, 12.606892],
  [55.495758, 12.714764],
  [55.549197, 12.741236],
  [55.604897, 12.879778],
  [55.641111, 12.898889],
  [55.830475, 12.708728],
  [55.869886, 12.694986],
  [55.891389, 12.678333],
  [55.931269, 12.641142],
  [55.981111, 12.651944],
  [56.032778, 12.656944],
  [56.058611, 12.640556],
  [56.164167, 12.440000],
  [56.214722, 12.368056],
  [58.500000, 10.500000],
  [58.761111, 10.592222],
  [58.892222, 10.638889],
  [58.983333, 11.116667],
  [59.023917, 11.153697],
  [59.083333, 11.333333],
  [59.022872, 11.384786],
  [58.900000, 11.433333],
  [58.866667, 11.533333],
  [58.946686, 11.730014],
  [59.227097, 11.843294],
  [59.630386, 11.676075]
],

// UMKK
UMKK: [
  [54.458333, 19.641667],
  [54.603333, 19.406667],
  [55.850000, 17.550000],
  [56.095278, 18.018611],
  [55.373333, 20.643333],
  [55.281667, 20.956667],
  [55.245700, 21.276489],
  [55.284775, 21.354272],
  [55.290681, 21.388639],
  [55.252811, 21.434189],
  [55.231011, 21.445583],
  [55.209853, 21.482778],
  [55.194489, 21.502081],
  [55.189239, 21.521603],
  [55.198719, 21.575375],
  [55.187889, 21.627361],
  [55.127944, 21.748647],
  [55.120014, 21.821567],
  [55.098675, 21.849992],
  [55.075644, 21.952064],
  [55.085522, 22.034539],
  [55.061675, 22.037100],
  [55.026189, 22.071044],
  [55.037169, 22.131314],
  [55.050508, 22.141711],
  [55.063564, 22.232322],
  [55.056661, 22.419456],
  [55.047878, 22.469069],
  [55.071814, 22.580897],
  [55.020236, 22.612461],
  [54.991069, 22.683592],
  [54.942086, 22.767058],
  [54.911217, 22.795242],
  [54.902683, 22.845656],
  [54.867767, 22.849172],
  [54.839600, 22.871083],
  [54.797375, 22.881053],
  [54.774300, 22.851925],
  [54.740783, 22.772008],
  [54.709389, 22.732692],
  [54.658203, 22.750967],
  [54.640572, 22.751428],
  [54.603439, 22.697614],
  [54.570347, 22.706850],
  [54.537567, 22.689919],
  [54.498961, 22.694508],
  [54.447422, 22.730336],
  [54.401531, 22.757261],
  [54.402378, 22.798136],
  [54.393714, 22.816625],
  [54.365253, 22.787792],
  [54.359411, 22.631319],
  [54.345744, 22.254653],
  [54.326472, 21.767183],
  [54.316667, 21.466667],
  [54.335197, 21.205347],
  [54.363622, 20.871961],
  [54.389358, 20.537111],
  [54.401525, 20.386953],
  [54.413222, 20.219928],
  [54.421644, 20.123567],
  [54.438958, 19.893906],
  [54.454867, 19.694767],
  [54.458333, 19.641667]
],

