// EKDK
EKDK: [
  [58.500000, 10.500000],
  [56.214722, 12.368056],
  [56.164167, 12.440000],
  [56.058611, 12.640556],
  [56.032778, 12.656944],
  [55.981111, 12.651944],
  [55.931269, 12.641142],
  [55.891389, 12.678333],
  [55.869886, 12.694986],
  [55.830475, 12.708728],
  [55.641111, 12.898889],
  [55.604897, 12.879778],
  [55.549197, 12.741236],
  [55.495758, 12.714764],
  [55.419022, 12.606892],
  [55.336667, 12.640833],
  [54.916667, 12.850000],
  [54.450000, 12.000000],
  [54.445833, 11.833333],
  [54.463889, 11.666667],
  [54.500000, 11.500000],
  [54.554167, 11.333333],
  [54.602778, 11.166667],
  [54.644444, 11.000000],
  [54.652778, 10.833333],
  [54.655556, 10.666667],
  [54.658333, 10.500000],
  [54.700000, 10.333333],
  [54.743056, 10.166667],
  [54.765000, 10.053611],
  [54.766667, 10.000000],
  [54.800000, 9.650000],
  [54.916667, 8.600000],
  [55.069167, 8.391944],
  [55.066667, 8.333333],
  [55.000000, 8.000000],
  [55.000000, 6.500000],
  [55.000000, 5.000000],
  [54.500000, 4.535833],
  [54.645278, 4.333333],
  [54.824167, 4.186111],
  [55.047778, 4.000000],
  [55.644444, 3.632222],
  [55.854444, 3.500000],
  [56.509722, 3.500000],
  [57.333333, 4.499444],
  [57.000000, 5.000000],
  [57.000000, 7.500000],
  [58.500000, 10.500000]
],

// ESOS_NORTH
ESOS: [
  [69.060000, 20.548611],
  [68.765556, 21.379722],
  [68.471200, 22.134828],
  [68.379275, 22.827508],
  [68.239331, 23.147778],
  [68.122708, 23.158950],
  [68.147406, 23.304192],
  [67.945719, 23.654256],
  [67.867514, 23.497842],
  [67.468258, 23.441983],
  [67.424353, 23.765978],
  [67.291267, 23.751083],
  [67.167786, 23.587222],
  [66.809692, 24.008042],
  [66.436503, 23.639358],
  [66.196403, 23.754808],
  [66.159358, 23.907494],
  [66.090278, 23.935833],
  [65.530000, 24.140000],
  [64.683333, 22.916667],
  [63.616667, 21.500000],
  [63.475000, 20.666667],
  [63.166667, 20.166667],
  [61.666667, 19.500000],
  [61.000000, 19.318056],
  [60.300833, 19.132222],
  [60.191667, 19.086667],
  [59.562778, 19.983056],
  [59.256667, 20.544167],
  [59.000000, 21.000000],
  [58.413333, 20.642778],
  [58.304444, 20.578611],
  [57.267450, 19.989170],
  [57.204300, 18.364300],
  [57.195500, 18.333800],
  [57.070800, 17.471100],
  [56.520000, 16.461900],
  [56.361700, 16.201300],
  [56.284600, 16.002100],
  [56.201600, 15.375500],
  [56.210000, 15.073400],
  [56.374100, 15.070400],
  [56.412000, 15.065800],
  [56.515500, 14.525100],
  [57.071700, 14.320000],
  [57.133900, 14.374300],
  [57.255100, 14.061900],
  [57.305900, 13.420900],
  [57.321200, 13.362600],
  [58.020200, 13.580400],
  [58.143500, 14.095000],
  [58.273000, 14.111500],
  [58.380500, 14.160600],
  [58.471600, 14.202200],
  [58.541700, 14.371300],
  [59.175600, 13.412600],
  [59.304500, 13.101600],
  [59.463400, 13.253200],
  [59.893439, 12.173225],
  [59.982903, 12.398619],
  [60.149578, 12.548617],
  [60.282914, 12.531944],
  [60.399589, 12.615278],
  [60.466258, 12.631942],
  [60.623660, 12.503330],
  [61.049614, 12.681917],
  [61.199622, 12.781914],
  [61.366294, 12.865242],
  [61.566300, 12.565219],
  [62.000000, 12.219722],
  [62.266389, 12.298889],
  [62.611917, 12.056139],
  [62.651389, 12.079444],
  [62.747917, 12.136389],
  [62.902556, 12.074694],
  [63.000298, 12.218361],
  [63.141111, 12.090833],
  [63.185181, 12.050894],
  [63.269167, 11.974444],
  [63.440833, 12.172500],
  [63.478562, 12.212914],
  [63.593889, 12.150278],
  [63.631184, 12.227851],
  [63.672038, 12.299497],
  [63.714944, 12.330381],
  [63.807023, 12.463467],
  [63.892370, 12.577269],
  [63.974225, 12.683490],
  [64.057946, 12.926673],
  [64.095417, 13.211039],
  [64.079722, 13.376111],
  [64.555556, 13.734167],
  [64.580298, 13.654268],
  [64.639835, 13.705414],
  [64.709134, 13.791562],
  [64.842500, 13.956667],
  [64.951111, 14.093611],
  [65.118917, 14.325972],
  [65.247611, 14.378806],
  [65.309722, 14.506833],
  [65.515583, 14.498917],
  [65.700521, 14.541369],
  [65.750000, 14.578333],
  [65.811825, 14.625440],
  [65.901312, 14.584484],
  [65.958201, 14.573086],
  [66.011966, 14.554413],
  [66.041075, 14.545519],
  [66.132598, 14.516181],
  [66.153566, 15.035548],
  [68.075946, 17.490404],
  [68.037923, 17.666910],
  [67.969344, 17.899808],
  [68.198784, 18.151349],
  [68.406005, 18.101059],
  [68.536441, 18.125917],
  [68.581906, 18.405757],
  [68.557036, 18.483766],
  [68.533680, 18.549924],
  [68.506907, 18.621208],
  [68.514167, 19.000000],
  [68.356020, 19.921395],
  [68.390192, 19.981486],
  [68.442736, 20.108210],
  [68.490800, 20.226374],
  [68.530800, 20.025970],
  [68.557920, 19.937504],
  [68.591103, 20.052289],
  [68.665898, 20.202769],
  [68.802306, 20.335861],
  [68.926194, 20.306583],
  [68.954250, 20.241917],
  [69.045750, 20.060056],
  [69.060000, 20.548611]
],

