// EETT
EETT: [
  [59.471667, 28.043333],
  [59.383333, 28.233333],
  [59.316667, 28.191667],
  [59.266667, 27.950000],
  [59.200000, 27.900000],
  [59.150000, 27.833333],
  [59.000000, 27.733333],
  [58.783333, 27.366667],
  [58.700000, 27.414444],
  [58.383333, 27.550000],
  [58.283333, 27.500000],
  [58.233333, 27.491667],
  [58.083333, 27.616667],
  [58.038333, 27.617778],
  [58.000000, 27.683333],
  [57.950000, 27.683333],
  [57.916667, 27.800000],
  [57.890000, 27.811667],
  [57.833333, 27.816667],
  [57.833333, 27.700000],
  [57.800000, 27.600000],
  [57.800000, 27.516667],
  [57.716667, 27.550000],
  [57.700000, 27.450000],
  [57.650000, 27.383333],
  [57.633333, 27.400000],
  [57.600000, 27.383333],
  [57.518333, 27.340000],
  [57.530000, 27.310000],
  [57.610000, 26.910000],
  [57.510000, 26.530000],
  [57.853889, 25.916111],
  [58.090000, 25.150000],
  [57.883333, 24.366667],
  [57.874444, 24.356667],
  [57.900000, 24.299444],
  [57.917222, 24.261111],
  [57.899167, 24.209444],
  [57.899167, 23.601111],
  [57.782778, 23.648611],
  [57.669722, 23.582222],
  [57.593889, 23.406111],
  [57.586389, 23.180833],
  [57.702222, 22.999167],
  [57.780556, 22.907778],
  [57.940833, 22.707500],
  [57.927500, 22.583611],
  [57.779167, 22.143333],
  [57.749444, 21.916111],
  [57.763056, 21.842778],
  [57.786667, 21.716667],
  [57.856667, 21.646667],
  [57.895000, 21.613333],
  [58.021111, 21.542500],
  [58.116667, 21.483333],
  [58.413333, 20.642778],
  [59.000000, 21.000000],
  [59.883333, 24.850000],
  [59.908333, 25.333333],
  [59.883333, 25.866667],
  [59.866667, 25.975000],
  [59.611667, 27.636667],
  [59.471667, 28.043333]
],

// EFIN
EFIN: [
  [60.191667, 19.086667],
  [60.300833, 19.132222],
  [61.000000, 19.318056],
  [61.666667, 19.500000],
  [63.166667, 20.166667],
  [63.475000, 20.666667],
  [63.616667, 21.500000],
  [64.683333, 22.916667],
  [65.530000, 24.140000],
  [66.090278, 23.935833],
  [66.159358, 23.907494],
  [66.196403, 23.754808],
  [66.436503, 23.639358],
  [66.809692, 24.008042],
  [67.167786, 23.587222],
  [67.291267, 23.751083],
  [67.424353, 23.765978],
  [67.468258, 23.441983],
  [67.867514, 23.497842],
  [67.945719, 23.654256],
  [68.147406, 23.304192],
  [68.122708, 23.158950],
  [68.239331, 23.147778],
  [68.379275, 22.827508],
  [68.471200, 22.134828],
  [68.765556, 21.379722],
  [69.022228, 22.094528],
  [68.783372, 22.498583],
  [68.700042, 23.281961],
  [68.766714, 23.631975],
  [68.866719, 23.731975],
  [68.816719, 24.215336],
  [68.766719, 24.298678],
  [68.650053, 24.915381],
  [68.833394, 25.132050],
  [69.016739, 25.565394],
  [69.693889, 25.952778],
  [69.695556, 29.133333],
  [69.216772, 28.982233],
  [69.051944, 28.928611],
  [68.916667, 28.450000],
  [68.883333, 28.533333],
  [68.866667, 28.800000],
  [68.550000, 28.450000],
  [68.200000, 28.666667],
  [68.066667, 29.350000],
  [67.800000, 29.683333],
  [67.666667, 30.016667],
  [67.516667, 29.950000],
  [66.966667, 29.016667],
  [66.167222, 29.863333],
  [65.716667, 30.116667],
  [65.666617, 29.832425],
  [65.216597, 29.615764],
  [65.199931, 29.915781],
  [65.083333, 29.583333],
  [64.783244, 29.665781],
  [64.783333, 30.000000],
  [64.333333, 30.083333],
  [64.133222, 30.499172],
  [63.816667, 30.216667],
  [63.733333, 30.016667],
  [63.449858, 30.499192],
  [63.216667, 31.233333],
  [62.900000, 31.583333],
  [62.500000, 31.200000],
  [61.433333, 29.450000],
  [61.249758, 29.115861],
  [60.549722, 27.815828],
  [60.216667, 27.466667],
  [60.205000, 27.300000],
  [60.133333, 26.550000],
  [59.975000, 26.111667],
  [59.883333, 25.866667],
  [59.908333, 25.333333],
  [59.883333, 24.850000],
  [59.000000, 21.000000],
  [59.256667, 20.544167],
  [59.562778, 19.983056],
  [60.191667, 19.086667]
],

// ESMM
ESMM: [
  [59.630386, 11.676075],
  [59.685253, 11.945786],
  [59.745611, 11.978150],
  [59.841661, 11.849122],
  [59.904017, 11.973433],
  [59.893439, 12.173225],
  [59.463400, 13.253200],
  [59.304500, 13.101600],
  [59.175600, 13.412600],
  [58.541700, 14.371300],
  [58.471600, 14.202200],
  [58.380500, 14.160600],
  [58.273000, 14.111500],
  [58.143500, 14.095000],
  [58.020200, 13.580400],
  [57.321200, 13.362600],
  [57.305900, 13.420900],
  [57.255100, 14.061900],
  [57.133900, 14.374300],
  [57.071700, 14.320000],
  [56.515500, 14.525100],
  [56.412000, 15.065800],
  [56.374100, 15.070400],
  [56.210000, 15.073400],
  [56.201600, 15.375500],
  [56.284600, 16.002100],
  [56.361700, 16.201300],
  [56.520000, 16.461900],
  [57.070800, 17.471100],
  [57.195500, 18.333800],
  [57.204300, 18.364300],
  [57.267450, 19.989170],
  [57.000000, 19.833333],
  [56.345278, 18.506389],
  [56.095278, 18.018611],
  [55.850000, 17.550000],
  [54.916667, 15.866667],
  [54.916667, 15.135278],
  [54.916667, 14.357500],
  [54.916667, 12.850000],
  [55.336667, 12.640833],
  [55.419022, 12.606892],
  [55.495758, 12.714764],
  [55.549197, 12.741236],
  [55.604897, 12.879778],
  [55.641111, 12.898889],
  [55.830475, 12.708728],
  [55.869886, 12.694986],
  [55.891389, 12.678333],
  [55.931269, 12.641142],
  [55.981111, 12.651944],
  [56.032778, 12.656944],
  [56.058611, 12.640556],
  [56.164167, 12.440000],
  [56.214722, 12.368056],
  [58.500000, 10.500000],
  [58.761111, 10.592222],
  [58.892222, 10.638889],
  [58.983333, 11.116667],
  [59.023917, 11.153697],
  [59.083333, 11.333333],
  [59.022872, 11.384786],
  [58.900000, 11.433333],
  [58.866667, 11.533333],
  [58.946686, 11.730014],
  [59.227097, 11.843294],
  [59.630386, 11.676075]
],

// ESOS
ESOS: [
  [59.630386, 11.676075],
  [59.685253, 11.945786],
  [59.745611, 11.978150],
  [59.841661, 11.849122],
  [59.904017, 11.973433],
  [59.893439, 12.173225],
  [59.463400, 13.253200],
  [59.304500, 13.101600],
  [59.175600, 13.412600],
  [58.541700, 14.371300],
  [58.471600, 14.202200],
  [58.380500, 14.160600],
  [58.273000, 14.111500],
  [58.143500, 14.095000],
  [58.020200, 13.580400],
  [57.321200, 13.362600],
  [57.305900, 13.420900],
  [57.255100, 14.061900],
  [57.133900, 14.374300],
  [57.071700, 14.320000],
  [56.515500, 14.525100],
  [56.412000, 15.065800],
  [56.374100, 15.070400],
  [56.210000, 15.073400],
  [56.201600, 15.375500],
  [56.284600, 16.002100],
  [56.361700, 16.201300],
  [56.520000, 16.461900],
  [57.070800, 17.471100],
  [57.195500, 18.333800],
  [57.204300, 18.364300],
  [57.267450, 19.989170],
  [57.000000, 19.833333],
  [56.345278, 18.506389],
  [56.095278, 18.018611],
  [55.850000, 17.550000],
  [54.916667, 15.866667],
  [54.916667, 15.135278],
  [54.916667, 14.357500],
  [54.916667, 12.850000],
  [55.336667, 12.640833],
  [55.419022, 12.606892],
  [55.495758, 12.714764],
  [55.549197, 12.741236],
  [55.604897, 12.879778],
  [55.641111, 12.898889],
  [55.830475, 12.708728],
  [55.869886, 12.694986],
  [55.891389, 12.678333],
  [55.931269, 12.641142],
  [55.981111, 12.651944],
  [56.032778, 12.656944],
  [56.058611, 12.640556],
  [56.164167, 12.440000],
  [56.214722, 12.368056],
  [58.500000, 10.500000],
  [58.761111, 10.592222],
  [58.892222, 10.638889],
  [58.983333, 11.116667],
  [59.023917, 11.153697],
  [59.083333, 11.333333],
  [59.022872, 11.384786],
  [58.900000, 11.433333],
  [58.866667, 11.533333],
  [58.946686, 11.730014],
  [59.227097, 11.843294],
  [59.630386, 11.676075]
],

// EVRR
EVRR: [
  [57.000000, 19.833333],
  [57.267450, 19.989170],
  [58.304444, 20.578611],
  [58.413333, 20.642778],
  [58.116667, 21.483333],
  [58.021111, 21.542500],
  [57.895000, 21.613333],
  [57.856667, 21.646667],
  [57.786667, 21.716667],
  [57.773889, 21.791667],
  [57.763056, 21.842778],
  [57.749444, 21.916111],
  [57.779167, 22.143333],
  [57.825000, 22.278889],
  [57.927500, 22.583611],
  [57.940833, 22.707500],
  [57.780556, 22.907778],
  [57.702222, 22.999167],
  [57.586389, 23.180833],
  [57.593889, 23.406111],
  [57.669722, 23.582222],
  [57.782778, 23.648611],
  [57.899167, 23.601111],
  [57.899167, 24.209444],
  [57.917222, 24.261111],
  [57.900000, 24.299444],
  [57.874444, 24.356667],
  [57.883333, 24.366667],
  [58.090000, 25.150000],
  [57.853889, 25.916111],
  [57.510000, 26.530000],
  [57.610000, 26.910000],
  [57.530000, 27.310000],
  [57.518333, 27.340000],
  [57.533333, 27.416667],
  [57.533333, 27.550000],
  [57.500000, 27.550000],
  [57.450000, 27.516667],
  [57.383333, 27.700000],
  [57.300000, 27.866667],
  [57.183333, 27.833333],
  [57.100000, 27.733333],
  [57.083333, 27.750000],
  [57.016667, 27.716667],
  [57.000000, 27.750000],
  [56.933333, 27.733333],
  [56.916667, 27.683333],
  [56.833333, 27.666667],
  [56.866667, 27.833333],
  [56.826617, 27.995206],
  [56.751667, 27.901667],
  [56.683333, 28.000000],
  [56.583333, 28.033333],
  [56.566667, 28.150000],
  [56.516667, 28.116667],
  [56.478611, 28.142500],
  [56.433333, 28.183333],
  [56.366667, 28.183333],
  [56.266667, 28.250000],
  [56.200000, 28.200000],
  [56.173333, 28.146667],
  [55.807075, 27.556342],
  [55.812778, 26.978056],
  [55.680556, 26.630556],
  [55.985556, 25.947500],
  [56.173425, 25.138350],
  [56.445997, 24.887747],
  [56.368889, 24.630278],
  [56.262281, 24.468650],
  [56.278611, 24.065278],
  [56.371389, 23.755556],
  [56.313611, 23.507311],
  [56.372222, 23.260278],
  [56.371111, 23.206111],
  [56.346608, 23.176686],
  [56.426525, 22.142086],
  [56.294167, 21.535278],
  [56.179722, 21.279167],
  [56.073889, 21.093611],
  [56.069167, 21.064444],
  [56.067222, 20.747778],
  [56.066667, 20.666667],
  [56.146111, 20.082222],
  [56.297778, 18.898333],
  [56.345278, 18.506389],
  [57.000000, 19.833333]
],

// EYVL
EYVL: [
  [56.095278, 18.018611],
  [56.345278, 18.506389],
  [56.297778, 18.898333],
  [56.146111, 20.082222],
  [56.066667, 20.666667],
  [56.067222, 20.747778],
  [56.069167, 21.064444],
  [56.073889, 21.093611],
  [56.179722, 21.279167],
  [56.294167, 21.535278],
  [56.426525, 22.142086],
  [56.346608, 23.176686],
  [56.371111, 23.206111],
  [56.372222, 23.260278],
  [56.313611, 23.507311],
  [56.371389, 23.755556],
  [56.278611, 24.065278],
  [56.262281, 24.468650],
  [56.368889, 24.630278],
  [56.445997, 24.887747],
  [56.173425, 25.138350],
  [55.985556, 25.947500],
  [55.680556, 26.630556],
  [55.606700, 26.647122],
  [55.449711, 26.554875],
  [55.376372, 26.507319],
  [55.357464, 26.463203],
  [55.318503, 26.458617],
  [55.299594, 26.530811],
  [55.301886, 26.809842],
  [55.296158, 26.851667],
  [55.264644, 26.856250],
  [55.200472, 26.721033],
  [55.142606, 26.668894],
  [55.123697, 26.509039],
  [55.101353, 26.451169],
  [55.132292, 26.332567],
  [55.138022, 26.272408],
  [55.092758, 26.235164],
  [55.045203, 26.241467],
  [55.000000, 26.216667],
  [54.965244, 26.143825],
  [54.881336, 25.854722],
  [54.786425, 25.770667],
  [54.626031, 25.737875],
  [54.555897, 25.728669],
  [54.490006, 25.685697],
  [54.329003, 25.584858],
  [54.304939, 25.595172],
  [54.283333, 25.716667],
  [54.245353, 25.779089],
  [54.166667, 25.783333],
  [54.135917, 25.715492],
  [54.155397, 25.571678],
  [54.181181, 25.585431],
  [54.253375, 25.543033],
  [54.266553, 25.456514],
  [54.251656, 25.319578],
  [54.204672, 25.231342],
  [54.178889, 25.175767],
  [54.133333, 25.050000],
  [54.066017, 24.806781],
  [53.971478, 24.803342],
  [53.947989, 24.746619],
  [53.994969, 24.657239],
  [53.937675, 24.520875],
  [53.891264, 24.411439],
  [53.903297, 24.289400],
  [53.939392, 24.196008],
  [53.929081, 23.927292],
  [53.900000, 23.800000],
  [53.909025, 23.618467],
  [53.933333, 23.516667],
  [53.983333, 23.466667],
  [54.016667, 23.500000],
  [54.033333, 23.516667],
  [54.133333, 23.500000],
  [54.150000, 23.466667],
  [54.166667, 23.416667],
  [54.216667, 23.366667],
  [54.250000, 23.233333],
  [54.283333, 23.200000],
  [54.300000, 23.166667],
  [54.300000, 23.100000],
  [54.316667, 23.033333],
  [54.350000, 23.066667],
  [54.350000, 23.000000],
  [54.383333, 23.000000],
  [54.383333, 22.950000],
  [54.416667, 22.850000],
  [54.402378, 22.798136],
  [54.401531, 22.757261],
  [54.447422, 22.730336],
  [54.498961, 22.694508],
  [54.537567, 22.689919],
  [54.570347, 22.706850],
  [54.603439, 22.697614],
  [54.640572, 22.751428],
  [54.658203, 22.750967],
  [54.709389, 22.732692],
  [54.740783, 22.772008],
  [54.774300, 22.851925],
  [54.797375, 22.881053],
  [54.839600, 22.871083],
  [54.867767, 22.849172],
  [54.902683, 22.845656],
  [54.911217, 22.795242],
  [54.942086, 22.767058],
  [54.991069, 22.683592],
  [55.020236, 22.612461],
  [55.071814, 22.580897],
  [55.047878, 22.469069],
  [55.056661, 22.419456],
  [55.063564, 22.232322],
  [55.050508, 22.141711],
  [55.037169, 22.131314],
  [55.026189, 22.071044],
  [55.061675, 22.037100],
  [55.085522, 22.034539],
  [55.075644, 21.952064],
  [55.098675, 21.849992],
  [55.120014, 21.821567],
  [55.127944, 21.748647],
  [55.187889, 21.627361],
  [55.198719, 21.575375],
  [55.189239, 21.521603],
  [55.194489, 21.502081],
  [55.209853, 21.482778],
  [55.231011, 21.445583],
  [55.252811, 21.434189],
  [55.290681, 21.388639],
  [55.284775, 21.354272],
  [55.245700, 21.276489],
  [55.281667, 20.956667],
  [55.373333, 20.643333],
  [56.095278, 18.018611]
],

